856718
853243
855224
853673
854598
853300
853248
852303
853102
854068
850784
856717
856691
853668
851524
850938
855200
855945
854644
856721
856201
853669
851946
853631
856681
853616
856722
856357
855780
853241
853636
852030
853223
852632
852060
853106
853259
852755
853256
850451
854841
853230
851605
855880
854046
855349
853573
856811
853638
856662
852694
853204
855041
853670
853242
856726
851522
852905
855039
854174
853671
856358
856725
854691
855034
856723
853667
850805
856705
850774
853632
856720
854563
853634
853104
853267
851482
856203
856687
856711
853214
853635
853264
853266
856719
851606
854683
853458
853663
851055
853254
853253
854687
854857
852545
853252
853433
856324
854914
851727
850819
856729
