GOID	TERM	CORRECTED_PVALUE	UNCORRECTED_PVALUE	NUM_LIST_ANNOTATIONS	LIST_SIZE	TOTAL_NUM_ANNOTATIONS	POPULATION_SIZE	FDR_RATE	EXPECTED_FALSE_POSITIVES	ANNOTATED_GENES
GO:0071554	cell wall organization or biogenesis	0.0371255746870907	6.0761988031245e-05	15	191	175	7166	0.00%	0.00	FLC1, YPS6, ACT1, PMI40, CCW12, TIR1, CWP1, RPI1, SIM1, RIM101, YBR067C, MTL1, MKK1, HKR1, CRH1
GO:0071852	fungal-type cell wall organization or biogenesis	0.0525527190877056	8.6010996870222e-05	14	191	160	7166	1.00%	0.02	HKR1, CRH1, MKK1, YBR067C, MTL1, RIM101, SIM1, CWP1, RPI1, TIR1, CCW12, ACT1, FLC1, YPS6
