850914
852720
856718
852245
853243
855224
856468
853673
854598
853300
853248
850753
851569
852303
853102
854068
850784
856717
856691
851948
853668
851524
850938
855200
855945
854644
856721
856201
853669
851946
853631
850373
854461
855612
856681
853616
856722
856357
852951
855780
853241
853636
852030
853136
853223
851644
855462
854490
852632
852060
853106
853259
852755
853256
850451
854841
851666
853230
854246
850504
851605
855880
854046
855349
853573
851259
856030
850799
856811
856774
853638
856662
851379
852694
853204
855041
853003
1466518
853670
853242
856726
853766
852343
851522
856366
852905
851010
855039
854174
853671
856467
856358
852402
856725
854691
855034
851987
851448
856723
853667
856402
856524
853463
850805
856705
850774
854564
853632
851725
852086
856720
854563
853634
853104
853267
850686
851482
856203
856687
856711
856274
854746
853214
853635
856885
853264
853266
856719
851606
856435
854683
853458
853663
851055
853254
850793
850800
853253
854687
853974
854857
852545
851461
854406
853252
853433
856650
856324
854914
851727
850819
855229
856729
